1 31
1 233
1 550
1 98
2 86.404
2 23.5817
1 804
2 89.0042
2 28.0892
2 59.9811
1 793
1 319
2 42.0026
2 46.9314
1 318
2 35.5205
2 13.4434
2 70.1987
2 26.1757
1 831
2 52.9649
2 71.7948
2 29.0841
1 705
1 28
2 27.4239
1 154
2 85.8119
2 59.4531
1 15
1 434
1 724
2 17.4688
2 63.9607
1 154
1 450
1 648
1 767
2 9.27763
2 45.3749
1 130
2 71.9291
2 60.1856
2 98.9074
1 472
1 610
1 816
2 52.9557
1 921
2 66.1702
2 78.869
1 936
2 43.9528
1 667
1 900
2 62.92
1 340
2 9.63164
1 230
1 497
1 843
1 838
2 74.7734
1 71
2 41.5265
2 1.26347
2 11.24
1 75
1 594
2 12.4363
2 93.2188
1 994
1 639
1 652
1 636
1 476
1 401
1 979
2 35.0566
2 21.8726
1 487
2 69.6646
1 400
2 44.4624
2 94.0703
1 571
1 230
2 47.3525
2 39.2834
1 602
1 135
2 79.4305
2 73.4062
1 626
2 4.6205
2 59.8529
2 69.8782
2 60.2649
1 436
1 680
2 91.9126
1 480
2 1.74871
1 516
2 14.3193
2 64.2506
2 25.4555
1 51
1 903
1 708
1 245
1 311
2 93.6735
1 623
1 119
2 86.3918
2 57.5365
2 33.9488
1 974
2 64.0645
2 99.4171
2 18.1951
1 765
2 33.5246
2 24.0486
2 45.439
1 434
1 503
2 64.1652
1 551
1 987
1 266
2 9.92767
2 0.0061037
2 24.4514
1 644
1 698
2 41.9416
1 57
2 80.7154
1 234
1 598
2 3.83007
1 629
2 18.4545
2 43.8582
1 48
2 14.4505
1 66
2 40.4614
1 79
2 14.6397
1 550
2 57.4908
2 32.5144
2 50.322
2 96.939
1 879
2 15.07
1 102
2 14.1575
1 304
1 785
1 72
1 169
2 9.68047
1 704
2 3.68664
2 26.6823
1 346
2 75.8904
1 293
1 713
1 344
1 16
2 48.7381
2 91.8821
1 499
2 49.8642
2 0.152593
1 502
1 114
2 90.2799
1 122
2 59.9292
2 88.1344
1 214
1 436
2 9.57671
1 346
2 7.62963
1 948
1 372
1 143
2 6.77511
2 1.98065
1 327
1 254
2 86.3002
2 34.4066
2 72.2343
1 835
1 272
2 99.2431
2 71.6971
1 452
2 85.3694
2 87.9147
1 42
2 38.2916
1 322
1 230
1 817
2 45.2071
1 710
1 189
1 907
2 5.64898
1 793
1 265
2 57.5945
1 240
2 4.93179
2 4.41298
1 534
2 48.8876
1 328
2 12.7171
1 24
2 42.7625
2 20.2155
1 298
2 22.0527
2 13.1474
2 93.7162
2 36.1309
2 69.5547
1 160
1 138
2 13.8524
2 40.6049
2 25.6783
1 731
1 26
1 898
2 27.4758
1 781
1 686
1 100
2 21.2043
1 849
2 71.7032
2 14.7465
1 556
2 20.7678
2 69.5486
2 17.9601
1 774
1 9
2 0.103763
2 54.6983
2 15.8269
1 959
2 5.07218
2 44.8256
2 27.4087
1 186
1 816
1 192
2 48.5488
1 307
2 5.48723
2 64.1957
2 48.4695
2 62.2761
2 27.5796
2 41.731
2 28.4036
2 53.0137
2 59.2273
1 945
2 61.5741
1 245
1 193
1 786
1 21
1 613
2 48.8266
2 50.9873
1 366
1 577
2 77.8375
2 42.6832
2 2.3896
2 4.41908
1 986
2 37.3485
1 191
2 11.1545
2 68.8131
1 340
1 179
2 69.4845
1 610
2 33.0058
1 89
2 70.5954
2 71.4408
1 443
1 336
1 546
1 516
1 386
1 665
2 63.4449
2 17.4932
2 42.0972
2 65.801
2 78.8476
1 334
1 424
2 14.8778
1 519
1 78
2 38.2733
2 41.3434
1 358
2 66.335
1 45
2 75.8507
2 43.4736
1 153
1 253
2 40.2387
2 78.1396
2 54.6983
1 983
1 521
1 565
2 39.8602
1 25
1 966
2 27.2439
1 97
1 46
2 2.01117
1 628
2 84.8476
1 526
2 73.693
1 71
2 99.9237
1 978
1 736
1 428
2 62.2456
2 81.6248
1 191
2 60.7349
2 75.1396
1 491
2 26.0964
2 10.4373
2 25.4952
1 11
2 82.7448
1 151
2 23.2582
1 15
1 91
1 768
2 48.1033
2 34.0281
2 32.075
1 165
2 81.4936
2 89.4253
1 68
2 61.272
2 52.1805
2 44.1694
2 69.3197
1 930
1 35
1 226
1 266
1 72
2 99.4415
1 827
1 696
1 626
1 504
2 23.3161
2 30.4422
1 356
2 44.734
2 54.1948
2 33.2072
2 10.0742
2 79.4855
2 95.9746
1 758
1 214
2 52.0524
2 48.3505
2 24.6895
1 394
1 512
1 445
1 607
2 69.7897
2 73.0369
1 735
2 84.5424
2 79.5129
1 18
1 9
2 91.9706
1 858
2 88.0184
2 62.8864
1 16
1 562
2 55.4674
1 2509
1 889
2 23.7892
1 114
2 30.5368
1 2451
2 92.1964
2 55.4369
2 71.5018
2 0.424207
2 48.8723
1 798
1 960
1 794
1 311
1 929
1 278
2 66.7898
2 14.0355
1 626
2 23.4993
2 16.8432
1 342
2 99.6734
1 613
1 375
2 14.0416
1 678
2 71.7429
1 375
2 71.8162
2 61.4124
1 997
2 5.4445
2 90.7376
1 615
1 101
1 981
2 96.1821
2 73.7968
2 95.7884
2 78.5485
2 94.3632
2 73.7175
2 47.9812
2 60.0421
1 635
2 29.0597
1 523
2 93.4843
2 57.4206
2 92.6054
2 72.2282
1 613
1 478
1 91
1 79
2 84.405
2 80.9595
1 919
1 23
2 76.8944
2 56.1144
1 998
2 21.9062
2 17.1606
2 33.4391
1 298
1 215
2 7.22373
2 59.2669
2 47.8622
2 53.9201
2 52.208
1 327
1 74
2 38.612
1 63
1 574
1 791
2 51.5244
2 69.9698
1 396
1 499
2 32.6273
2 50.7553
1 408
2 67.5405
2 68.2363
2 58.7481
1 967
2 33.3628
1 235
1 178
2 73.2353
1 142
1 786
2 65.1112
1 743
1 148
1 359
2 92.5169
1 147
1 730
2 59.1021
2 6.78121
1 799
1 112
2 56.8773
1 22
1 898
2 43.907
1 513
2 48.027
1 933
1 647
2 81.5821
2 75.4601
1 635
1 537
2 26.3131
1 305
2 22.6386
2 1.91961
2 37.5317
2 29.0445
2 53.3799
1 59
1 192
1 911
1 465
1 460
2 1.83721
2 65.3798
2 27.2866
1 768
1 260
1 179
1 314
1 303
2 50.7492
2 85.815
2 47.6913
2 13.5289
2 53.5478
1 153
1 354
2 97.8179
1 279
1 787
1 152
1 753
1 787
2 79.632
2 41.3984
1 4
1 734
2 62.2059
2 29.8746
2 21.2043
1 991
2 23.7007
2 12.6316
1 74
1 925
1 102
2 22.309
2 96.765
1 338
2 78.3013
1 183
2 33.7565
1 182
1 125
1 814
2 54.8631
2 48.2162
2 94.1252
2 49.7421
2 39.1491
1 186
1 203
2 91.4731
2 50.0107
2 72.2831
1 472
2 43.3088
1 590
1 891
1 681
2 39.1675
1 708
2 4.65102
2 0.405896
2 20.5267
2 8.66115
1 60
1 492
1 549
1 856
1 579
2 44.1206
2 28.7759
1 814
1 676
2 30.7505
2 19.9194
1 459
1 74
1 369
2 99.2279
1 168
1 143
1 873
2 43.1562
2 3.68969
1 135
2 66.9912
2 83.1782
1 701
1 420
2 90.286
1 828
1 857
1 820
2 45.4726
1 291
2 72.4906
1 880
1 475
1 208
1 748
1 406
1 36
2 2.90536
2 41.2732
1 329
2 98.5321
1 634
1 549
1 615
2 58.5253
1 382
2 97.7691
1 436
2 91.2198
1 256
2 31.1869
1 166
1 630
2 68.9383
2 96.118
2 36.9366
1 472
1 760
1 147
1 810
2 80.99
1 72
2 35.1634
2 41.3587
1 898
1 866
1 542
2 21.8329
1 664
1 53
1 13
1 958
1 732
2 68.6117
2 71.8528
1 657
1 304
2 19.01
1 180
2 14.1911
1 626
1 635
2 84.8689
1 258
2 3.83618
1 203
2 79.0735
1 23
2 29.7739
2 75.219
2 47.2701
2 19.8004
2 44.6822
2 66.982
2 86.1629
2 89.6695
2 88.1436
2 39.3323
2 75.1701
1 218
1 270
2 35.6334
2 96.5514
2 2.05084
1 964
1 219
1 206
2 62.0808
2 17.9937
1 258
1 726
1 506
1 950
1 160
1 530
1 109
1 940
1 743
1 195
2 86.6482
2 48.2955
1 995
2 2.21259
2 3.02438
1 456
2 29.5206
2 55.5895
1 202
1 516
1 669
2 48.9273
2 28.5714
2 7.21458
1 407
1 766
2 32.017
1 967
2 60.3595
2 42.6862
1 336
2 69.4784
1 75
1 274
2 67.9037
1 703
1 734
2 33.3659
2 77.5079
2 23.1758
2 77.81
1 674
2 52.4583
2 54.3107
2 72.1244
1 160
2 83.0256
1 46
1 944
2 14.1697
2 51.8113
2 91.3297
1 87
1 994
2 60.6616
2 57.6373
2 64.095
1 383
2 60.9027
2 54.2131
2 50.618
2 66.3442
2 52.5315
1 536
1 160
2 39.7931
1 268
1 228
2 32.8043
2 86.05
1 950
2 67.4581
2 88.995
2 47.1603
1 294
1 295
1 116
1 952
2 6.60421
2 16.3671
1 327
2 73.2627
1 743
2 18.0212
2 65.865
2 76.7602
2 24.2988
2 60.4785
1 330
2 77.0531
2 61.6871
1 813
1 858
1 5
1 304
2 99.8444
2 89.0194
1 249
2 64.1072
1 607
1 159
1 423
1 643
1 628
2 82.6197
2 21.9184
1 650
1 680
2 40.6537
1 492
1 956
1 18
1 798
1 799
1 361
2 29.9692
2 30.0638
1 848
2 13.9439
1 799
2 51.7685
2 38.6517
1 6
1 376
2 53.7126
1 487
2 81.2189
1 941
2 4.98062
2 54.8448
1 747
2 84.3928
2 48.6373
2 22.6203
1 734
1 516
2 85.3725
2 80.4315
2 55.0279
2 58.1286
1 620
1 870
2 12.3356
1 663
2 18.2287
2 41.496
1 529
2 10.5991
1 383
2 28.5104
1 99
2 5.55742
1 816
1 20
1 141
2 42.4726
2 89.4498
1 122
2 49.9496
2 60.918
2 78.6981
2 28.3456
2 55.3453
1 690
2 44.4014
2 8.12098
2 80.05
2 91.3663
1 252
2 8.26441
2 58.1317
2 3.0427
1 633
2 39.0515
2 28.7149
1 613
2 54.561
1 60
2 31.4585
1 935
1 919
2 72.0115
2 89.7183
2 77.9229
2 12.1281
2 94.6226
1 795
1 407
1 509
2 83.1263
2 72.5517
2 84.3806
1 676
2 37.0098
2 1.0651
1 539
2 70.2506
1 827
2 23.1635
2 79.9066
1 695
2 31.6202
2 91.2778
1 635
2 89.4559
2 43.3882
2 57.1307
2 29.0811
1 408
2 63.6219
2 6.28987
1 14
1 461
1 962
1 764
2 62.9658
2 93.701
1 561
2 77.633
2 84.0663
2 9.99176
2 74.2332
2 72.3869
2 4.45875
1 584
1 194
1 468
1 992
1 860
2 47.2701
1 252
2 56.2304
1 968
2 17.3193
1 885
1 31
2 59.0014
2 4.47401
2 85.0093
1 735
1 401
1 706
1 517
1 253
2 77.3186
2 4.532
1 11
1 237
1 836
2 36.6314
2 66.8783
1 777
1 944
2 49.8428
2 0.946074
1 46
1 369
2 77.1172
2 55.2355
1 347
2 45.497
1 165
1 103
2 82.281
1 449
2 72.808
1 848
1 762
2 42.494
1 346
1 144
2 43.8337
1 571
1 458
2 59.3982
2 85.2412
2 99.4659
2 29.545
2 27.0638
2 3.20444
1 451
1 663
2 6.48824
1 579
2 40.0006
2 58.4124
1 401
2 32.2306
2 91.0337
2 18.7628
1 222
1 866
2 69.3594
1 60
2 8.27662
1 672
1 79
2 46.1531
1 269
1 372
1 577
1 47
1 663
2 1.33976
2 67.9617
1 168
2 35.1817
2 57.4847
1 71
1 685
1 280
1 435
1 964
1 946
2 16.3091
2 48.4085
1 152
1 791
2 90.817
1 129
2 23.3131
1 238
2 54.5396
1 622
1 668
1 541
1 169
2 9.43327
1 749
1 539
2 86.8343
1 444
2 62.7674
2 12.891
1 174
1 877
1 257
1 749
1 703
1 255
2 47.7157
1 863
1 406
2 46.7879
2 76.9005
2 94.0123
1 906
2 66.57
2 96.0814
1 19
1 370
2 95.9868
2 53.1419
2 75.4418
1 459
2 86.52
1 106
2 36.3323
2 89.935
1 109
2 57.9333
2 41.8378
1 234
1 764
1 666
2 38.7432
2 24.0638
1 169
2 2.84433
1 425
2 64.919
1 441
2 63.9058
2 58.62
1 390
1 808
1 621
2 67.0461
2 16.6051
1 352
1 999
2 25.9011
2 16.5746
2 69.6402
2 6.42109
1 558
1 687
2 18.4942
1 210
1 915
2 54.4237
2 69.3747
1 723
2 63.4419
2 63.7196
2 71.3675
1 432
2 43.3454
1 757
2 36.4147
1 641
1 962
2 85.1344
2 95.0804
2 40.0739
1 177
2 98.5351
1 45
2 44.6699
1 15
1 257
1 132
2 44.8286
1 790
2 45.4634
2 97.4822
1 377
2 10.8554
2 71.4011
2 15.3508
2 20.954
2 99.1394
2 7.5045
1 554
2 20.6641
1 472
1 658
2 10.8829
2 76.2505
1 190
1 429
2 5.10269
1 294
1 674
2 83.2942
2 75.9758
1 913
2 18.07
1 139
1 348
1 761
2 24.5918
1 184
1 315
2 25.9407
1 677
2 2.6368
1 349
1 229
2 3.26853
2 48.6892
1 511
2 21.5461
1 933
1 764
2 20.1056
2 69.8325
2 7.02841
2 88.3999
1 371
2 71.4072
2 4.5259
2 15.2196
2 42.7625
1 283
2 7.37022
1 784
2 69.1549
1 475
2 9.10672
2 84.6461
2 76.0155
1 143
2 11.4963
2 82.046
1 798
1 935
1 365
2 36.4605
1 992
2 62.8834
2 90.8322
2 75.8843
1 715
2 7.61742
2 99.3866
2 66.6524
1 438
2 27.9092
2 72.0328
1 271
2 92.4467
2 85.6685
1 921
2 61.1682
2 37.1075
1 337
2 90.5179
1 751
2 79.9127
1 803
2 74.3889
2 91.6044
2 35.8135
2 75.927
1 118
2 4.95926
1 979
2 22.9469
2 43.4278
2 23.4169
1 870
1 323
1 307
2 48.616
1 132
2 89.8404
1 557
1 5
1 820
2 59.0747
1 469
2 44.6577
1 335
1 892
2 34.135
1 348
2 91.4914
1 360
1 352
2 20.4901
2 79.1772
2 48.5366
1 726
1 899
2 52.6719
2 24.9336
1 395
1 37
2 55.62
2 36.7443
2 35.3343
1 325
1 177
2 49.9649
1 220
2 40.6354
1 985
1 870
1 70
1 551
1 809
1 425
2 50.6882
1 952
2 48.1155
1 76
1 201
2 77.5262
1 151
1 663
2 52.736
2 96.1058
2 3.48827
1 812
2 71.5201
1 55
2 86.9686
2 55.4186
2 72.219
2 85.5953
2 13.4648
2 97.882
1 407
2 3.32957
2 46.2355
1 619
1 335
2 3.82702
2 9.87274
2 1.01932
1 666
1 223
2 75.985
1 659
2 51.1063
2 66.2862
2 51.3596
1 791
2 19.8614
1 395
2 71.8558
1 431
2 13.889
1 962
2 55.0279
1 580
1 993
2 73.452
1 819
1 96
1 71
2 11.1362
2 90.582
1 682
2 15.5889
1 455
1 457
2 68.157
1 29
1 347
1 115
1 937
1 833
1 982
1 867
2 29.8441
2 84.4722
2 60.2222
1 500
2 59.6118
1 655
2 91.6349
2 82.6533
1 23
1 582
2 70.6229
1 520
1 290
2 3.40587
2 75.5028
2 27.5033
2 1.93487
1 302
1 738
2 8.67336
1 258
2 3.98877
2 16.7882
1 574
2 16.5685
1 685
1 720
2 55.1012
2 2.94198
2 85.4121
1 466
2 47.145
2 57.7227
1 986
1 149
2 3.12204
2 16.1382
1 574
1 379
1 575
2 26.4626
2 6.18
2 85.7845
1 98
1 510
2 76.9768
1 88
2 32.6151
1 376
2 70.571
2 38.1634
2 55.0707
2 48.5611
2 75.6493
1 377
1 640
1 994
1 71
1 637
1 993
1 571
1 242
2 0.204474
1 428
1 64
1 88
2 15.1311
1 620
2 32.3435
2 20.1209
2 15.4118
2 74.7093
2 48.1704
1 692
2 93.9299
2 79.0887
2 27.1676
1 587
2 85.0704
2 52.9221
1 488
1 316
1 977
1 108
1 88
1 727
2 88.2076
1 141
1 986
2 9.03958
2 40.2692
1 134
2 93.4629
2 36.2133
1 396
1 478
2 69.0787
1 418
2 90.8109
2 6.82699
1 497
1 811
1 859
1 316
2 47.7371
2 78.9209
1 894
1 168
1 854
1 245
2 22.1229
1 821
2 84.283
1 500
1 7
1 348
2 9.68352
1 530
2 51.326
1 686
1 776
2 22.7332
1 556
1 121
2 9.93988
1 600
2 82.3084
2 70.6687
2 71.5537
2 55.7146
2 38.6364
1 103
1 806
1 178
1 532
1 14
2 12.0029
2 17.9785
1 565
2 90.8811
2 87.8018
1 862
1 411
1 862
1 751
2 18.5369
1 789
2 21.7505
2 56.2365
2 9.1464
1 146
2 36.6283
1 369
1 931
1 709
1 401
1 692
1 568
2 22.2602
1 610
2 73.0949
2 90.5148
2 11.2796
2 11.1026
1 375
2 40.7147
2 58.9465
2 45.3566
2 80.9351
2 85.4274
1 434
1 649
2 0.256355
1 31
1 933
2 68.1173
1 46
1 524
1 936
2 67.156
1 290
2 85.9493
1 53
1 940
2 6.66219
1 583
2 3.09458
2 26.307
2 63.6952
1 595
2 84.3074
2 54.5305
2 16.0131
1 227
1 951
1 310
1 75
1 416
1 372
2 68.6789
1 604
2 26.9906
1 811
1 710
2 53.5752
2 97.0672
2 30.253
2 90.4477
1 304
2 15.5614
2 31.2571
1 279
2 58.8824
2 85.1894
2 52.5773
1 928
2 58.1133
2 80.6543
1 667
1 702
2 81.6797
2 62.3585
1 362
1 86
1 374
1 407
2 32.2764
2 14.5817
2 37.434
1 134
1 76
1 698
2 58.2751
1 511
1 234
1 101
1 897
2 44.6699
1 897
1 141
1 501
1 141
2 74.6483
2 87.0205
2 75.3777
2 86.581
2 16.0863
2 12.3783
1 642
2 92.3734
1 383
2 63.3656
1 364
2 48.1063
2 11.8656
2 99.9878
2 60.8478
1 423
2 76.5801
1 984
1 407
1 466
1 557
1 92
2 12.244
1 63
1 678
1 460
1 612
2 7.43431
2 52.1989
2 43.5682
1 484
2 44.3281
2 4.90127
1 250
2 47.4593
2 60.4633
2 44.3587
1 533
2 97.9186
2 95.2605
1 556
2 6.70492
2 25.0862
2 0.585955
2 16.2999
1 529
2 13.0039
2 39.8022
2 37.5866
1 595
2 97.3571
2 59.6301
1 621
1 685
1 314
1 654
1 647
2 67.6382
1 942
2 61.1652
1 560
2 23.2398
2 93.8169
1 679
1 599
1 523
2 63.1458
1 216
2 79.5007
1 917
2 91.2076
1 924
2 36.9427
1 670
2 49.971
1 794
2 20.6549
1 123
1 304
1 116
1 200
2 61.8061
2 90.698
2 62.9933
2 95.5016
2 20.8411
2 13.1077
1 211
1 476
1 93
2 91.9736
1 688
1 785
2 63.6097
1 170
2 64.4063
1 886
1 112
2 13.5685
1 716
1 67
1 352
2 58.5803
2 66.8294
1 554
1 506
2 48.4909
1 494
1 201
2 55.4765
1 665
1 33
1 990
2 63.6891
2 15.5187
2 23.6732
1 279
2 16.8859
2 24.311
1 742
2 50.7767
2 66.0115
1 77
1 68
1 320
2 28.1777
2 15.479
2 61.2873
1 285
2 10.0528
1 474
1 146
1 46
2 49.3637
2 35.3191
2 33.2133
1 18
2 27.6925
1 623
1 453
2 16.3305
1 913
1 816
1 498
1 535
1 93
2 17.6489
2 29.1971
1 567
2 98.1414
1 438
2 12.299
1 135
1 361
1 950
2 85.5708
2 35.6212
1 481
2 43.2173
1 973
2 50.8835
2 0.268563
2 98.8189
1 497
1 670
1 771
1 220
1 240
1 916
2 73.2933
2 99.7497
1 527
1 453
2 83.7031
1 941
2 70.162
2 86.3124
1 540
2 46.0372
2 57.7074
2 90.112
2 17.9388
2 27.4545
1 479
1 100
2 39.3933
1 612
1 155
2 90.5881
2 62.0441
1 22
2 39.4024
1 535
2 85.4915
2 31.5378
1 457
2 15.4576
2 24.958
1 743
2 26.1391
1 798
1 404
2 76.9463
2 25.013
1 880
1 182
2 57.3534
2 18.5308
1 978
1 865
2 52.7512
1 554
1 281
1 831
1 805
1 957
2 0.601215
2 85.0368
1 248
2 91.229
2 83.4254
1 950
1 877
1 883
2 15.7994
1 21
2 94.8027
2 83.6512
1 346
1 790
1 390
1 846
2 40.5316
1 580
2 76.7083
2 43.2539
2 17.5787
2 32.8013
1 836
2 89.6695
1 500
2 43.202
2 93.0021
1 195
2 57.7685
2 64.6931
2 3.65307
1 722
1 998
2 17.6672
2 77.9107
1 896
1 368
2 45.3444
1 429
2 51.5061
2 47.3525
1 408
2 95.3673
1 366
1 70
1 885
2 0.85757
1 537
1 815
1 624
2 69.0756
1 563
1 441
1 594
2 13.4434
2 87.8964
2 12.2837
2 83.3491
2 25.1045
2 22.0496
2 53.3738
1 55
1 151
1 501
2 86.5535
1 52
2 46.9497
2 83.2057
2 76.1742
1 930
1 345
2 18.2165
2 87.0571
2 43.8368
1 131
2 7.81579
2 61.7817
1 327
2 12.9704
2 81.5119
1 676
1 121
1 920
2 88.29
1 942
1 533
1 14
1 56
2 27.7627
1 657
1 446
2 36.5154
1 963
2 96.408
1 513
2 19.5471
2 52.5468
2 80.7184
1 302
1 497
1 516
2 48.5916
2 74.6086
1 542
1 16
1 893
1 739
1 167
1 97
2 49.1379
1 232
2 86.0988
1 747
2 35.4686
1 991
2 16.6906
1 273
2 56.4623
2 74.7917
1 187
2 62.0258
2 29.8868
1 525
1 895
2 83.4101
2 55.9984
1 73
2 4.74868
1 634
1 290
1 792
1 785
1 881
2 73.0888
2 60.2771
1 522
1 160
2 49.4125
1 595
1 742
2 75.7866
2 48.3627
1 422
2 89.1324
2 5.30412
1 91
2 49.1409
2 1.13224
1 658
2 75.6462
2 77.6635
1 11
1 148
1 825
1 880
1 189
2 8.31629
2 2.33161
1 545
2 55.4033
1 733
1 146
2 14.8167
2 75.634
2 21.7292
1 921
1 756
2 65.9597
1 431
2 51.0666
2 15.2867
2 89.4467
1 342
2 51.2375
2 50.9995
1 394
2 6.69881
1 674
2 74.8772
1 222
2 31.2296
2 14.6458
1 269
1 654
1 605
1 823
2 47.9659
2 96.8047
2 80.343
1 156
2 13.9195
1 175
1 477
1 795
1 53
2 51.8967
2 19.1687
1 10
2 68.2424
1 371
1 437
1 958
1 321
1 288
1 726
1 272
2 65.1662
1 561
2 86.2484
1 83
2 90.3165
1 383
1 423
2 35.4076